corps = corp.get_corps('2004-12-31', ['회사명', '종목코드'])
    params = {
        'seq_length': 5,  # 시퀀스 갯수
        'data_dim': 5,  # 입력 데이터 갯수
        'hidden_dims': [128, 96, 64],  # 히든 레이어 갯수
        'dropout_keep': 0.8,  # dropout
        'output_dim': 1,  # 출력 데이터 갯수
        'learning_rate': 0.0001,
        'iterations': [24, 10000],  # 최소, 최대 훈련 반복횟수
        'rmse_max': 0.05,
        'train_percent': 80.0,  # 훈련 데이터 퍼센트
        'loss_up_count': 12,  # early stopping
        'invest_count': 20,  # 투자 횟수
        'invest_money': 10000000,  # 각 주식에 모의투자할 금액
        'fee_percent': 0.015,  # 투자시 발생하는 수수료
        'tax_percent': 0.5,  # 매도시 발생하는 세금
        'invest_min_percent': 0.6,  # 투자를 하는 최소 간격 퍼센트
        'kor_font_path': 'C:\\WINDOWS\\Fonts\\H2GTRM.TTF'
    }


1 1040 CJ 0.0260566 9808039.0 9320562.5 8
2 12630 HDC 0.0447381 10811239.07 10811239.07 1
3 1390 KG케미칼 0.027838489 10152220.9375 10506636.25 26
4 2360 SH에너지화학 0.007161673 10063129.5295 10063129.5295 2
5 1740 SK네트웍스 0.005776304 10774928.215 10774928.215 30
6 11810 STX 0.033908512 9803060.3875 9803060.3875 13
7 24070 WISCOM 0.019124473 9773339.1055 9773339.1055 73
8 11420 갤럭시아에스엠 0.007809757 9612724.426749999 10374542.8825 12
9 2240 고려제강 0.008779426 9729864.68 9331526.739999998 12
10 1290 골든브릿지증권 0.008701033 10851286.488 10851286.488 12
11 14530 극동유화 0.19115931 9990443.91475 9990443.91475 6
12 13700 까뮤이앤씨 0.13390772 10483597.0675 10483597.0675 3
13 5250 녹십자홀딩스 0.012638909 10000000 9521330.7925 16
14 4130 대덕GDS 0.029033935 9985122.365 9527889.305 20
15 14160 대영포장 0.0009081346 10122301.5676 10650169.16465 16
16 3220 대원제약 0.016930992 9722317.444999998 9769440.475000001 5
17 2880 대유에이텍 0.002284657 10976133.696999999 10976133.696999999 19
18 1620 동국실업 0.0061064363 10418463.178 10418463.178 0
19 23450 동남합성 0.026935402 10000000 9754890.379999999 0
20 4140 동방 0.0020556804 10227443.537749998 11115714.649999999 19
21 640 동아쏘시오홀딩스 0.038640633 10723407.0 10723407.0 250
22 1520 동양 0.0047761695 9614559.95125 10470591.145 3
23 400 롯데손해보험 0.002393917 9143987.444500001 9435995.8165 34
24 9200 무림페이퍼 0.006489087 9772288.274500001 10228359.586000001 13
25 6400 삼성SDI 0.026839929 10286693.249999998 11274712.9 9
26 68290 삼성출판사 0.016189806 9746810.19 16654789.375 0
27 810 삼성화재해상보험 0.024423542 10000000 9535757.5 0
28 5680 삼영전자공업 0.021775946 10308647.85 10308647.85 8
29 3720 삼영화학공업 0.008743388 10124015.4307 10124015.4307 0
30 5500 삼진제약 0.0056912946 10612215.165 10926991.379999999 0
31 7610 선도전기 0.0100539 13788936.73375 13788936.73375 0
32 67830 세이브존I&C 0.0031630627 9662892.04 9355085.45 3
33 19170 신풍제약 0.0094874 11456946.928000001 11456946.928000001 22
34 55550 신한지주 0.018267445 9621266.674999999 9818419.6125 2
35 10780 아이에스동서 0.009598555 10844630.41 11393143.795 12
36 12280 영화금속 0.0028308763 10163074.85575 10532173.95 14
37 5820 원림 0.028151952 9721123.96 10494167.5 11
38 8600 윌비스 0.0032673567 11104533.172 11104533.172 10
39 23800 인지컨트롤스 0.024129143 11272880.872 11272880.872 35
40 25620 제이준코스메틱 0.03918171 9560514.555 9560514.555 4
41 2620 제일파마홀딩스 0.0604428 11194359.4375 11194359.4375 2
42 18470 조일알미늄 0.004304311 10690754.365 10690754.365 14
43 2600 조흥 0.027335776 9667141.3 9526867.450000001 8
44 29460 케이씨 0.09258705 11561236.875 11561236.875 12
45 7810 코리아써키트 0.028509678 9690235.924 9533308.285 4
46 21240 코웨이 0.02504724 10000000 9978714.669999998 4
47 20120 키다리스튜디오 0.0019560542 11623021.576750001 11539423.37725 8
48 3240 태광산업 0.0186012 10000000 9841994.2 16
49 4100 태양금속공업 0.01989383 10919312.317 10919312.317 12
50 5490 포스코 0.01191185 9771815.200000001 9484983.05 32
51 970 한국주철관공업 0.00944434 10300651.579 10664658.564 12
52 4710 한솔테크닉스 0.012764858 9610087.673999999 9807861.37 26
53 2220 한일철강 0.022227844 10000000 9634404.692499999 19
54 2320 한진 0.028691148 12488051.17 12488051.17 23
55 9460 한창제지 0.0058621233 10293457.8375 10293457.8375 0
56 27390 한화갤러리아타임월드 0.03529396 10936161.5675 10936161.5675 19
57 4560 현대비앤지스틸 0.023739383 11041757.85 11041757.85 5
58 9540 현대중공업 0.029100692 11566131.625 11566131.625 6
59 8770 호텔신라 0.03256381 10018323.790000001 10018323.790000001 16
60 35760 CJ ENM 0.01787324 9260277.834999999 9350302.0 8
61 51500 CJ프레시웨이 0.027202798 10024928.102500001 10483911.7675 9
62 37370 EG 0.0061388337 10400089.139999999 10400089.139999999 13
63 24120 KB오토시스 0.013790899 9497994.184 9690437.968 19
64 60250 NHN한국사이버결제 0.027495187 9127941.762500001 9809960.02 35
65 32540 TJ미디어 0.005170349 9693344.276999999 9533133.633 3
66 38340 UCI 0.10006078 10000000 9947014.84 999
67 40300 YTN 0.012370285 11291390.600500003 11291390.600500003 19
68 51390 YW 0.0073129623 9208848.60925 9731049.94 26
69 36190 금화피에스시 0.017574463 9778582.649999999 9778582.649999999 23
70 12340 뉴인텍 0.0018957634 9848515.15 9848515.15 12
71 7720 대명코퍼레이션 0.0027116234 9754944.260499999 9044337.828249998 15
72 65690 대진디엠피 0.011951492 10079313.422500001 10079313.422500001 16
73 23910 대한약품 0.011629154 11200532.200000001 11200532.200000001 19
74 66900 디에이피 0.014601712 9472247.508750003 9115670.2925 3
75 33130 디지틀조선 0.0011143783 10000000 10296939.8125 27
76 38390 레드캡투어 0.0024544876 10318244.254999999 10318244.254999999 8
77 16100 리더스코스메틱 0.014836394 10927541.120000001 10927541.120000001 0
78 38290 마크로젠 0.017314069 11902439.045 11902439.045 13
79 65940 바이오빌 0.020408558 10969071.77675 11657777.4565 0
80 42370 비츠로테크 0.018355913 9419627.2525 9419627.2525 22
81 18310 삼목에스폼 0.026694221 10775545.0 10775545.0 23
82 23600 삼보판지 0.0049791993 11402001.25 11402001.25 10
83 9300 삼아제약 0.033033222 11225173.2875 11225173.2875 4
84 11560 세보엠이씨 0.023164902 9134321.344999999 9327819.669999998 12
85 33790 스카이문스테크놀로지 0.024288617 9610529.98725 9712934.872 143
86 49830 승일 0.03099029 10885165.809999999 10885165.809999999 168
87 10280 쌍용정보통신 0.0018455287 8522830.726099998 10459796.863499999 18
88 31310 아이즈비전 0.0032205542 15630984.204999998 15630984.204999998 3
89 67160 아프리카TV 0.03220453 9569855.462499997 8995649.854999997 28
90 39440 에스티아이 0.012972613 8704267.3 9394693.200000001 0
91 21080 에이티넘인베스트 0.027824951 11102947.9685 11102947.9685 6
92 36810 에프에스티 0.002401616 9209810.09 10086850.266999999 9
93 54940 엑사이엔씨 0.008750936 10709647.3615 10709647.3615 10
94 45060 오공 0.018369334 9802984.252999999 13129580.843999999 20
95 49480 오픈베이스 0.020864172 10346332.0635 10346332.0635 15
96 19210 와이지-원 0.023802843 10000000 9487400.5 22
97 74600 원익QnC 0.04742216 11034477.69 11034477.69 6
98 14190 원익큐브 0.002979778 13799691.059 13799691.059 20
99 8290 원풍물산 0.018811226 11231669.61925 11231669.61925 12
100 65950 웰크론 0.017926762 13598372.205999998 13598372.205999998 490
101 26260 위너지스 0.036623027 10000000 9947004.027999999 0